.Random.seed <-
c(403L, 10L, -2080617907L, -1552152825L, 1792461550L, -1901158456L, 
-591798069L, 1777074473L, -1848583816L, -1290375514L, 1837947073L, 
1512567123L, 1305255426L, -1377810636L, 583673015L, -575089491L, 
1453142468L, 1423184362L, -1786802603L, 1687289839L, -1302302730L, 
298854688L, 1147979491L, -2134581375L, 289335792L, 839964814L, 
-2094276615L, 475428235L, 790417850L, 507433148L, -1140247553L, 
387072341L, 2139241068L, -1508782398L, 667416861L, -708776041L, 
1578969854L, 1343115448L, 1960163995L, 314169593L, 821709384L, 
104338806L, -518183759L, -1002256157L, 1946896306L, 992917508L, 
1485720391L, -1241857507L, 1564334228L, -705497030L, -546014587L, 
-1228559521L, 699851750L, -1223070096L, 787120531L, -1139841487L, 
-1900970784L, 432164222L, -349183991L, 1242460219L, 1380679178L, 
2011155948L, -1984183697L, -589951579L, 448318812L, -1493110478L, 
-1680371667L, 2038951655L, 692372494L, -1999213080L, -1256671253L, 
642771081L, 1130032152L, 257428294L, -867231327L, -1932269517L, 
-19225182L, -506617708L, 827295511L, -1035456243L, -1033594844L, 
717600778L, 1148824949L, 555064527L, 1781747670L, 779472768L, 
-1013931069L, -639056543L, 370965456L, 353844014L, -619387175L, 
2005546219L, 1851782490L, 1086482204L, 199066143L, 1333289589L, 
1077915404L, -571702558L, -1717102659L, 1555804215L, -270894370L, 
-1551497704L, 732064123L, 1535566105L, 1767263656L, 2036478294L, 
-649358895L, -523546237L, 546517010L, 407593892L, -953822361L, 
1009182909L, 1509429300L, -461642854L, -1665142811L, 990133119L, 
292858630L, -386333552L, -825043661L, -567610671L, -242812800L, 
860135774L, -1927506263L, 1109639515L, 819530602L, 1944117772L, 
-1810505137L, 860032773L, -426489924L, -1536957806L, -645199475L, 
844870087L, 1743033006L, -1606731000L, -727226101L, 989444073L, 
-1759850312L, -1100064922L, 764720129L, 1958527635L, 582395202L, 
246672116L, 690607863L, 530101997L, -1089027708L, -2092249174L, 
-349006571L, -456613969L, -1664340042L, -895691296L, -367678173L, 
1034977857L, -1312559824L, 1675519822L, -1326780999L, 1545916363L, 
-970521478L, 1154618748L, 1796337087L, -199275883L, -549308244L, 
811319938L, -1814803875L, -246022825L, -1530740674L, 1311855736L, 
1497972571L, 1807190713L, -522057976L, -945488458L, 365552369L, 
1140090147L, -1296810126L, 6426052L, -1058744953L, 968038237L, 
-1258161836L, -1527252102L, -1431405883L, -341070817L, -839681114L, 
2034728240L, 580304851L, 758885873L, 141908768L, -2141514306L, 
1214459337L, -756534917L, -724666550L, -787830868L, -1000280401L, 
897772645L, -1615127524L, -1988103566L, 865010925L, -1325753049L, 
-301184690L, 789932456L, 1112419755L, -1645697335L, -2084520232L, 
-1356553338L, -1380731295L, -525783053L, -319798686L, 1939076308L, 
-1607150121L, -1513398323L, -876438684L, -1077493942L, -1710201163L, 
1970372111L, 537669398L, 2113763776L, 1877592451L, -325193823L, 
-1872412784L, -1268997010L, -1387949543L, 1517181611L, 2138644122L, 
-840254884L, 223643487L, -589702859L, 637892812L, -268942814L, 
1062689917L, -819264137L, 263662238L, 2080236276L, -1584383598L, 
-416361376L, -1521900276L, 1700483808L, 1771260258L, 1815861928L, 
-26492340L, -388943492L, 90367282L, -192999312L, -1691498684L, 
-381215272L, -81433478L, -401379792L, 1686776508L, 1941561172L, 
412111938L, 634625440L, 1091496636L, -2004223536L, -273474206L, 
-761671704L, 303794124L, 1175506684L, 1245528562L, -1343731584L, 
416113908L, 1083606664L, 1576261434L, -416115888L, -172947860L, 
-1806647148L, -791662254L, -1887240480L, 1712673484L, -1729507168L, 
2012003202L, -149286168L, 2062037740L, 1415126076L, -1597697422L, 
-327707536L, 225961508L, -1393490888L, -1253468134L, -1056105776L, 
-346827716L, 70141076L, -353436542L, -357120064L, -361752260L, 
-1473424752L, -653341662L, 900916232L, 1710475404L, 1329650716L, 
1892873874L, -1756060544L, 1856253972L, 580158760L, -168128966L, 
-1119681328L, -1737223060L, 658526900L, 1380284434L, -1287772192L, 
-1423847476L, 1857859040L, 1971977762L, -1591506648L, 950857996L, 
1869317692L, -1881583374L, 1416276720L, -302730428L, -1413391784L, 
-1852923334L, 634947312L, 995413180L, -194204140L, 1136492738L, 
-1792810912L, 874958204L, 335822032L, -928715742L, -296961368L, 
911687564L, 2101197244L, 10077234L, -1201887424L, 151812276L, 
-477637816L, 1495493306L, -703557872L, -400500500L, 267088980L, 
280418066L, 181384096L, -1105972L, -1025004704L, 337346754L, 
-1870363096L, 1543116204L, 317943612L, -1718419598L, -801123536L, 
1553187364L, 486649912L, 1493535962L, -1389952624L, -299829508L, 
1171984276L, 1552401218L, -654706176L, -1048681924L, 529897040L, 
-1257655646L, 1031617352L, 1353087500L, 151710940L, 1857991250L, 
-2111559552L, 1287060308L, 1032753640L, 435825402L, 2091685712L, 
-961493972L, 1112020340L, 1923546770L, -908527008L, -597667188L, 
784132960L, 945746658L, 1835841704L, -2012483380L, -1811357188L, 
951877554L, -655542800L, 739765700L, -1463396520L, 1066236794L, 
2086878640L, -480198212L, 1077952596L, -1409125438L, 1093223200L, 
-395413572L, 66826832L, 853700066L, 66285928L, 18378060L, 1492664572L, 
1596048114L, 652201728L, 330169972L, -1988116472L, -1869770310L, 
1604546512L, 955156972L, 867370900L, -1697926446L, 2057182816L, 
1485555020L, -38247136L, 1461209730L, 2085640680L, -2069004308L, 
-531323332L, 1182762610L, 1163766640L, 509954340L, 1994252856L, 
744151450L, 1451817424L, -992107076L, 1948596372L, -1054649214L, 
1746388416L, 768068412L, -1849529200L, 765238050L, -1409321464L, 
-1697741556L, -475761252L, -1254191598L, 64904064L, -1262669036L, 
103756072L, 1572258874L, 109284304L, -1226753428L, -1595248076L, 
-1039730030L, 974964064L, 1533540684L, -88406048L, -295012958L, 
1830991272L, -1056237940L, 701791676L, -701624718L, 1569887216L, 
1459465796L, 398176344L, -668977094L, 1661657200L, -766592964L, 
651960596L, 62612162L, -115808544L, 2145441916L, -498305328L, 
-1955464798L, 37963816L, -1348351220L, 61934012L, 1425068850L, 
-1376232768L, -24925132L, -2081550648L, -483339078L, -1345137008L, 
-633086228L, -849417644L, -1962372462L, -509355744L, 798132832L, 
377670601L, -1513968901L, 1680561356L, 1457483098L, -951680945L, 
1497738521L, 493463342L, -1248560836L, -1593028947L, -1055291049L, 
1345579168L, -1473767938L, 1934928075L, -1249298739L, -1717992966L, 
1443674680L, -867411999L, 910037139L, -895552844L, -2061475902L, 
48319447L, -1569610719L, -1468812314L, 101760740L, -451474923L, 
-199900609L, -719906344L, 1872842742L, -358688765L, -1255312571L, 
759510882L, -3286832L, 1989370873L, -482722005L, -863462244L, 
-61148470L, -260047937L, -370673911L, -1203896290L, 195105228L, 
2038823837L, -741280217L, -1893696432L, -939891474L, 10240411L, 
-1811367939L, 1054380778L, 723142024L, 1109984049L, -1816044637L, 
124054436L, -999594414L, 2041472423L, 1005748721L, -1471990474L, 
262766036L, -741346459L, -2048312465L, -1253329496L, 615238406L, 
690343475L, -390183787L, 2032688370L, 1135070528L, -71060823L, 
-343033061L, 1910574316L, 131395834L, -1092120273L, -1263344327L, 
-173725874L, 312028572L, 259747597L, 1368615287L, 260730240L, 
-465024034L, 1890239659L, 1019256749L, -2001767398L, -1326851368L, 
-1070738623L, -428497933L, -1405358572L, 1585129378L, 640915639L, 
-1031880063L, -1007500666L, 1554846404L, -57207819L, -1742083489L, 
-268657480L, -1988494954L, -2135407709L, -1730726043L, 65654402L, 
1859226608L, -748655207L, 1583784843L, 1471712892L, -39304022L, 
-51808545L, -784233367L, -1266866562L, 793923180L, 1788015293L, 
-2020184185L, -878503056L, 1997908494L, -1850833093L, -2030396387L, 
1210848458L, 72273896L, -1516102447L, -1699972925L, 546721732L, 
1318440050L, 1476191559L, 725063953L, -1879749482L, 174809588L, 
-2117659771L, -447431985L, -883136568L, 1580125798L, -1960435565L, 
2099765237L, 1214708178L, 1976246816L, -1097278455L, -574758597L, 
400385164L, 1420374298L, -616274033L, 2135455961L, 883398510L, 
-1889038596L, -295031699L, -1292994537L, -1466023456L, -1558303298L, 
-738471029L, 1761674253L, 742106170L, 2014356600L, 1837248545L, 
